Updated: 2026-05-25T11:22:11
Rows: 124 completed: 122 errors: 2

Latest completed fits:
year  day_idx        day     loss     fit_s  precompute_s  est_sigmasq  est_range_lat  est_range_lon  est_range_time  est_advec_lat  est_advec_lon  est_nugget
2025       20 2025-07-21 1.371308 41.184467      2.200146     5.476484       0.099999       0.136311        1.725326      -0.000086       0.005458    2.999512
2025       21 2025-07-22 1.284168 39.857435      2.188671     5.805821       0.118178       0.156941        1.706228       0.000358       0.003811    2.265253
2025       22 2025-07-23 1.234067 39.611501      2.182625     5.013151       0.099917       0.129628        1.752987       0.000627      -0.000047    1.934525
2025       23 2025-07-24 1.175628 35.732135      2.183678     4.622858       0.117409       0.172683        1.625694       0.000980       0.006379    1.840638
2025       24 2025-07-25 1.246560 33.477021      2.185844     7.280174       0.153565       0.231991        1.909171       0.002655       0.005891    1.984114
2025       25 2025-07-26 1.296820 23.704147      2.177717    12.599893       0.185952       0.299251        1.045429       0.007315      -0.011643    1.491028
2025       26 2025-07-27 1.387257 19.223737      2.175743    14.918349       0.177206       0.221529        0.899140      -0.064386      -0.299554    1.347048
2025       27 2025-07-28 1.452220 22.223890      2.201885    15.056335       0.170632       0.220609        1.156155      -0.031715      -0.337827    1.921514
2025       28 2025-07-29 1.412592 28.504194      2.187142    13.002289       0.178450       0.247826        0.906119       0.010854      -0.005463    2.196259
2025       29 2025-07-30 1.422503 24.884500      2.178475    13.263589       0.132222       0.273488        0.981226      -0.010744      -0.006737    1.977764

Median estimates/timing by year:
year  est_sigmasq  est_range_lat  est_range_lon  est_range_time  est_advec_lat  est_advec_lon  est_nugget     fit_s  precompute_s
2022     7.242110       0.200293       0.213700        1.201715       0.006197      -0.185146    1.728995 22.542165      2.199440
2023     9.171878       0.183032       0.227212        1.219226       0.003607      -0.054306    1.313086 22.686779      2.194626
2024     8.490784       0.169081       0.212259        1.193040       0.002853      -0.055387    1.114002 23.038968      2.186449
2025    12.238627       0.178908       0.247278        1.155274       0.000136      -0.044859    1.833448 23.629002      2.182077

Recent errors:
year  day_idx        day                                                         error
2022       30 2022-07-31 RuntimeError: Expected 8 hourly slots for 2022-07-31, found 0
2025       30 2025-07-31 RuntimeError: Expected 8 hourly slots for 2025-07-31, found 7
